55.049419
53.669445
54.125351
55.64259
55.654846
55.00285
55.647491
56.39753
57.89761
57.81427
57.679462
57.446606
57.669655
57.946632
58.951584
58.816776
59.606026
59.704071
60.439407
61.044827
59.632992
59.625637
60.973743
62.704231
63.116005
63.025326
63.052284
63.779991
63.954544
64.460991
64.401978
65.019051
64.56916
65.336212
65.665634
65.466507
64.704376
64.414268
64.357727
65.486168
64.974815
65.847565
65.702515
64.942841
63.784916
64.347893
65.291946
66.553131
65.621384
66.004898
66.567886
66.737518
67.644707
68.802635
68.937851
68.773132
68.841965
68.699387
69.820442
69.886818
71.273392
71.246353
71.669212
72.192863
73.840042
73.122154
73.704819
73.358185
74.538239
76.121498
76.293579
77.923538
76.871323
76.541885
77.500694
78.358696
77.827667
78.105476
78.481621
78.25544
75.954315
78.103012
79.7379
79.622337
76.091995
75.883018
78.388199
79.027405
79.951775
78.865021
79.239594
78.76152
80.631927
80.057739
80.077461
78.611198
79.749702
78.931564
77.144943
73.480522
70.991577
72.117767
67.403557
67.364128
73.635773
71.297157
74.60424
72.184303
71.225685
65.592308
70.316368
67.874245
61.171341
68.500175
59.687832
62.312309
60.786911
60.321156
56.491634
55.291519
60.838661
60.503517
63.687393
61.050594
62.79285
62.664707
59.367474
60.35812
59.490692
64.680504
63.931355
65.567657
66.040802
67.337029
70.737755
70.09211
70.64904
69.690422
68.243881
66.134438
68.039352
67.775673
69.732323
69.781609
68.65049
70.905334
72.401154
71.235542
72.243446
73.327736
74.084282
74.85067
77.259674
78.475372
77.578537
76.641853
77.112686
76.656792
78.462914
78.009521
79.526665
78.933754
79.441963
78.903862
79.247643
79.282524
79.205299
80.179359
80.550545
80.99398
80.296448
82.583374
83.07164
85.694878
87.89959
83.679497
84.401947
85.445755
87.710258
87.588196
87.623077
87.122337
89.401787
91.310051
89.698242
90.889038
88.096405
90.126732
90.879066
90.707176
90.707176
93.133614
92.844635
95.006996
95.415558
95.582466
95.141525
96.715965
97.381111
96.182846
95.988533
98.011391
96.658661
96.930199
92.518288
92.289093
94.476364
92.924355
94.705559
95.851517
105.886086
108.554153
109.279099
109.675194
113.501678
110.921135
112.533356
109.186623
112.815369
114.81192
114.709602
114.41011
115.363472
115.508217
118.071297
124.1558
125.640739
124.610016
126.304596
124.794701
124.592552
128.817749
133.948898
131.173691
120.671806
120.751671
112.625694
117.117943
113.29454
111.807106
115.161316
115.341011
111.936882
110.149963
106.655991
109.890411
111.617432
106.935509
108.033615
112.086624
114.762009
113.893501