28.76
28.309999
28.68
29.01
28.93
28.23
28.459999
28.379999
29.75
30.530001
30.719999
30.809999
31.139999
30.969999
32.029999
31.51
31.360001
31.719999
32.709999
33.689999
33.029999
33.130001
33.93
34.889999
36.290001
36.150002
35.93
36.279999
36.290001
36.310001
36.709999
37.52
38.349998
38.560001
39.880001
41.290001
40.98
39.52
39.150002
39.790001
38.990002
39.41
39.150002
38.73
38.900002
39.689999
39.619999
39.630001
38.93
39.439999
39.470001
42.59
41.150002
42.349998
42.77
42.299999
42.830002
44.150002
45.459999
46.540001
46.630001
46.18
45.52
45.860001
49.099998
48.599998
48.389999
48.25
47.830002
48.970001
48.169998
48.75
48.209999
48.549999
49.77
50.93
51.049999
51.43
51.709999
50.349998
49.259998
50.529999
47.509998
48.779999
47
48.02
49.450001
49.84
49.32
49.73
52.259998
53.799999
53.889999
54.529999
55.310001
56.889999
58.900002
57.27
53.279999
49.119999
47.57
47.490002
44.009998
45.48
47.459999
46.75
50.110001
48.110001
48.59
43.27
45.380001
45.700001
39.009998
43.900002
38.709999
41.880001
39.119999
39.82
39.610001
41.639999
46.220001
44.630001
47.5
46.580002
47.860001
45.48
43.66
44.490002
42.59
47.52
47.560001
48.790001
48.380001
50.939999
54.93
54.990002
56.950001
56.599998
56.970001
52.919998
55.919998
55.900002
56.18
56.490002
55.509998
53.66
52.389999
49.880001
52.560001
52.189999
52.16
51.950001
53.189999
55.740002
53.759998
52.18
54.509998
54.200001
54.59
55.470001
56.389999
54.650002
55.169998
53.189999
52.740002
51.740002
53.799999
53.630001
53.540001
52.73
52.630001
53.099998
52.970001
56.389999
57.439999
52.830002
53.5
54.68
54.459999
54.549999
54.040001
54.23
54.759998
53.990002
52.389999
51.93
50.099998
50.279999
52.610001
52.580002
52.34
53.400002
52.93
53.43
57.259998
55.880001
53.59
54.720001
55.34
54.919998
55.040001
57.459999
57
61.790001
59.57
69.400002
68.970001
67.610001
76.089996
78.199997
77.43
77.669998
85.040001
85.309998
86.709999
84.849998
82.239998
76.879997
82.610001
81.839996
81.300003
82.419998
81.660004
81.089996
82.769997
83.809998
83.080002
86.349998
86.019997
83.800003
85.550003
90.82
92.18
90.220001
82.540001
82.010002
78.690002
81.910004
78.980003
76.339996
77.900002
78.93
76.660004
76.550003
74.93
77.940002
77.699997
74.730003
75.82
78.059998
79.480003
81.769997