370.559875
363.06842
367.723419
371.311035
372.141205
369.729706
370.579651
366.665924
370.540131
368.820435
366.626373
368.079224
364.748596
339.981354
327.192474
333.06311
336.522217
340.524902
335.860046
336.897766
344.853729
342.017273
335.939117
341.15744
346.988495
354.104401
350.052307
355.196686
348.924011
364.789612
360.733734
360.355988
365.266785
369.481689
367.274811
364.829376
368.716248
364.272675
369.143707
370.923126
371.300873
365.823456
364.014221
353.079285
349.99762
346.776764
343.635468
351.995728
349.132751
345.842346
347.929932
344.241882
339.6492
325.065948
325.065948
328.724182
331.527496
326.060028
335.553558
331.030457
327.968689
328.187408
324.469513
323.833313
331.348572
330.791901
331.766083
335.285156
329.410095
334.350708
327.968689
328.266907
330.384308
327.849396
330.036377
322.232819
311.516571
307.172424
315.910431
321.139313
314.727478
314.687714
320.115387
321.387817
316.387573
314.131012
316.05954
327.600861
339.410614
334.758301
342.63147
342.382935
345.39502
342.820007
340.48999
338.880005
338.299988
336.279999
330.380005
317.899994
304.140015
305.589996
287.76001
275.109985
289.269989
280.619995
283.119995
260.369995
262.329987
227.169998
231.009995
189.080002
154.839996
170.199997
129.610001
124.139999
101.889999
97.709999
95.010002
105.620003
127.68
158.729996
180.550003
162
152.279999
149.139999
130.699997
123.269997
124.519997
148.770004
141.580002
146.869995
151.839996
147.330002
141
145.979996
134.240005
154
143.610001
136.330002
134.970001
137.740005
128.979996
128.679993
131.300003
139
141.020004
133.369995
131.460007
125.400002
121.860001
128.649994
133.440002
128.910004
125.220001
121.5
122.519997
120
135.440002
130.440002
133.320007
139
137.529999
144.729996
149.520004
149.820007
145.850006
151.389999
153.309998
173.160004
184.300003
205.429993
230.5
216.740005
203.410004
170
189.509995
190.940002
197.770004
192.539993
192.289993
187.020004
188.520004
187.880005
176.690002
174.880005
170.009995
194.490005
183.300003
180.320007
180.809998
187.910004
178.880005
180.080002
173.279999
178.440002
175.649994
179.960007
187.940002
178.699997
175.660004
174.419998
178.630005
179.789993
176.449997
173.759995
170.210007
170.839996
166.009995
161.949997
158
162.270004
165.070007
174.279999
172.199997
170.020004
179.410004
180.130005
175.440002
174.729996
178.080002
172.009995
170.229996
169.270004
169.580002
167.5
178.270004
174.729996
171.899994
174.199997
175.800003
171.820007
172.100006
174.779999
168.770004
171.050003
161.080002
160.779999
157.690002
160.229996
165.350006
163.490005
167.460007
167.529999
161.139999
156.350006
156.800003
151.179993
146.050003
156.029999
166.080002
163.600006