310005
305090
307250
312524
310720
306539
310000
309974
312500
311640
314250
313850
313200
313270
317040
316180
316560
315027
317495
319055
319423
320000
318939
323400
326800
331500
332855
333860
331526
330986
331106
329402
329302
329405
329225
328601
326712
325102
326962
328301
328402
330685
330495
330609
327539
327501
329799
333640
331904
332120
333600
338800
338080
340380
339000
337500
337491
339850
338045
338390
339650
338920
338750
339590
342261
339155
340210
338901
339188
343263
340185
342855
340706
342550
344505
344970
342650
344700
344414
340199
333621
336000
336476
342000
335996
334860
337421
342615
344081
340900
340361
340780
341000
338500
340224
339745
344000
342122
343449
333190
328000
324301
312619
309096
324500
313914
326125
315000
310894
290005
303561
292130
272000
289000
268000
280248
256300
261690
257346
240000
267090
270759
276095
268126
274021
272000
261250
271475
267954
277260
276700
286999
290500
282800
289730
283750
282282
284400
282800
275750
279660
278750
279460
281264
280600
284749
281700
273975
267080
264280
259100
260750
265280
261601
260000
255715
256230
253501
262900
258700
264100
261906
263094
270330
278495
277035
278640
275600
278560
286090
287878
300920
302235
293955
287200
267729
271515
271956
273480
275000
273000
271600
272000
272700
266440
267840
263400
265219
267300
267020
267551
274050
271640
271770
268780
273900
276015
284780
285520
286271
286140
285590
288201
287961
289436
291621
288107
290940
294496
291362
293631
298800
300330
305200
307455
314334
318830
319380
320000
318114
316251
310220
313419
310800
309300
311126
318800
319970
322301
325659
327431
327560
327440
332840
327360
327401
327200
329760
327214
327115
329725
328804
329801
326401
327601
319534
320601
314840
313780
315156
320061
315891