35.296131
33.898361
34.191601
34.123177
33.966785
33.116394
33.370529
33.878811
34.768299
34.699879
35.442749
35.823963
35.374325
35.354778
35.12019
35.491623
35.784866
35.012669
35.911934
35.814186
37.348797
37.055561
36.322464
37.114208
37.524746
37.368351
37.554066
37.62249
37.798431
37.847305
37.720234
36.351791
35.970581
36.058548
35.794636
35.560051
34.484837
33.888588
34.533714
35.002895
35.100639
35.325455
35.18861
35.071316
34.729202
34.993114
34.884445
35.111671
34.953602
34.686855
34.815289
35.664921
35.220348
35.674805
35.872395
36.86034
36.81094
36.801064
36.326847
36.139141
36.040344
36.119381
36.000824
36.158894
36.929497
35.882271
35.408058
34.726376
34.232399
34.657219
34.232399
34.558422
34.726376
34.726376
35.121552
35.170948
34.568302
34.489265
34.459629
33.896496
33.007343
33.23457
33.195053
32.92831
32.987583
33.313606
33.955772
34.607819
33.916256
33.224693
33.837219
34.588058
35.062275
34.864685
34.341072
33.995289
34.499142
34.864685
34.232399
32.6912
31.36735
31.614336
30.339882
30.132414
31.041327
30.152174
31.150002
30.1
28.690001
24.690001
27.120001
26
23.040001
24.709999
21
20.32
16.799999
17.709999
18.139999
17.6
21.110001
21.49
22.559999
21.379999
21.32
20.780001
19.26
18.190001
18.040001
19.549999
21.299999
23.129999
24.059999
23.01
22.98
21.66
20.870001
22.48
22.379999
21.24
21.299999
21.52
21.950001
22.450001
22.18
23.780001
22.290001
20.9
20.75
21.26
21.889999
22.440001
23.93
22.799999
22.559999
21.459999
22.309999
22.629999
24.809999
24.690001
25.48
25.799999
25.98
27.4
27.790001
26.68
25.879999
26.940001
27.41
29.07
29.16
30.610001
30.68
29.860001
28.75
26.5
27.959999
27.77
27.780001
27.16
27.09
26.59
26.370001
26.25
25.280001
25.23
24.459999
25.299999
25.299999
24.959999
25.24
25.73
25.129999
24.940001
23.42
24.389999
24.860001
25.639999
26.879999
26.85
26.450001
26.01
26.15
26.299999
26.76
26.25
25.700001
26.33
25.889999
25.200001
24.889999
25.639999
25.799999
26.33
26.620001
26.719999
27.98
28.52
28.030001
27.549999
27.860001
30.01
29.84
29.219999
28.83
28.559999
30.309999
29.690001
29.48
29.690001
30.02
29.629999
29.790001
30.959999
29.48
30
32.380001
31.950001
30.17
30.459999
31.18
31.58
31.790001
31.92
31.5
30
29.440001
29.34
29.110001
29
29.440001
28.74