1.32
1.59
1.64
1.62
1.55
1.7
1.64
1.53
1.56
1.53
1.55
1.46
1.46
1.52
1.69
1.58
1.53
1.54
1.51
1.48
1.39
1.43
1.45
1.52
1.71
2.34
2.03
2.07
1.98
1.86
1.94
1.9
1.75
1.8
1.8
1.83
1.84
1.98
1.94
2.05
2.28
2.46
2.27
2.44
2.4
2.42
2.27
2.26
2.22
2.27
2.26
2.27
2.39
2.48
2.59
2.63
2.62
2.69
2.67
2.53
2.51
2.42
3.72
4.02
3.72
3.83
3.68
3.24
3.39
3.46
3.51
3.7
3.76
4.29
4.37
4.67
5.17
4.79
4.92
4.66
4.01
4.21
4.27
4.08
3.78
4.06
4.51
4.39
4.08
3.81
3.87
3.96
4.07
4.03
3.77
3.8
4.08
4.26
4.08
3.88
4.4
4.34
4.14
4.13
4.11
4.06
3.87
3.72
3.55
3.29
3.5
3.32
3.13
3.11
2.94
2.9
2.43
2.38
2.4
2.37
2.6
2.76
2.93
2.84
2.71
2.78
2.65
2.39
2.4
2.47
2.7
2.74
2.67
2.97
3.01
3.2
3.25
3.21
3.19
3.02
3.09
3.06
2.94
3.24
3.34
3.61
3.41
3.18
3.34
3.28
3.62
3.63
3.77
3.74
3.62
3.44
3.45
3.37
3.61
3.69
3.48
3.33
3.27
3.82
4.17
3.83
3.98
4.26
4.7
5.6
5.97
5.59
5.97
6.68
6.3
5.91
6.1
6.83
6.99
6.84
7.18
7.34
7.43
7.23
6.86
7.08
6.9
7.23
7.72
7.91
9.38
11.51
13.22
12.88
14.57
14.98
13.84
14.09
13.52
12.94
11.09
12.82
12.88
12.38
12.15
11.82
11.69
12.27
12.7
12.2
11.94
13.6
13.64
13.92
13.84
13.42
14.21
12.99
13.36
13.36
13.1
14.05
14.3
14.06
13.78
14.12
14.97
17.84
20.440001
19.879999
18.5
19.030001
20.120001
19.9
18.700001
17.98
17.030001
18.09
17.74
17.969999
18.73
19.190001
19.01
19.299999
19.41
18.809999
19.23
17.959999
17.85
18.32
18.809999
20.85