48.938
48.625999
46.605999
46.285999
47.543999
48.009998
48.905998
48.948002
49.577999
51.391998
51.577999
51.950001
52.394001
51.389999
50.700001
51.116001
50.936001
59.936001
65.625999
65.542
63.243999
63.001999
62.984001
62.661999
63.493999
63.444
65.316002
67.108002
67.428001
69.017998
69.986
69.222
69.870003
70.433998
69.998001
71.903999
70.444
70.966003
66.608002
67.267998
65.783997
66.258003
65.987999
66.973999
67.239998
66.606003
66.073997
67.178001
67.905998
69.767998
70.540001
71.935997
71.678001
76.300003
75.797997
78.629997
80.807999
81.117996
83.844002
85.050003
86.188004
86.075996
82.940002
83.666
86.052002
88.601997
90.307999
93.811996
98.428001
96.267998
95.629997
104.972
107.584
103.699997
102.697998
102.099998
109.440002
113.912003
114.440002
112.963997
111.603996
113.379997
116.197998
128.162003
130.113998
156
177.412003
146.940002
149.792007
149.613998
154.255997
154.876007
153.457993
160.800003
160.005997
171.679993
183.483994
179.882004
180.199997
166.757996
159.981995
155.759995
135.800003
133.598007
148.723999
149.102005
149.899994
144.908005
140.695999
121.599998
129.065994
126.846001
112.110001
109.323997
89.014
86.040001
72.244003
85.528
85.505997
86.858002
101
107.849998
105.632004
102.872002
100.426003
104.800003
96.311996
90.893997
96.001999
103.248001
109.089996
109.767998
114.599998
130.190002
141.977997
145.966003
149.042007
150.778
149.272003
137.343994
146.421997
141.126007
145.029999
159.75
153.824005
160.102005
156.376007
140.264008
152.238007
153.641998
156.516006
156.007996
163.884003
162.257996
161.882004
158.192001
160.666
159.834
162.725998
161.602005
163.112
165.520004
163.376007
163.774002
164.046005
161.162003
167
179.619995
176.311996
176.591995
172.876007
177.132004
189.983994
188.134003
205.009995
194.567993
187.056
198.179993
196.425995
198.358002
200.792007
200.179993
198.863998
200.356003
192.169998
197.195999
191.947998
201.869995
215.962006
223.925995
241.731995
274.31601
277.971985
273.175995
278.855988
308.929993
299.411987
303.359985
309.201996
300.127991
300.167999
328.600006
313.671997
318.466003
302.614014
283.399994
307.920013
295.298004
299.821991
297.497986
286.152008
297
297.399994
297.003998
297.915985
290.541992
283.713989
274.877991
310.951996
324.200012
330.141998
367.127991
377.417999
375.705994
400.365997
409.996002
402.839996
404.667999
430.634003
447.75
442.679993
498.320007
475.049988
447.369995
407
418.320007
330.209991
366.279999
371.339996
372.720001
419.619995
449.76001
441.76001
423.429993
442.149994
449.390015
424.230011
380.359985
387.790009
407.339996
421.200012
419.070007