46.716793
46.154972
46.164494
46.859627
46.478729
45.536011
45.850258
46.32637
46.859627
46.916759
47.716644
47.221478
47.240528
47.583328
48.049923
48.202278
48.497475
48.659355
49.106907
49.18309
49.678246
49.544937
49.16404
49.687771
50.201981
50.75428
51.230396
51.91296
52.00909
51.961025
52.124454
51.230404
51.422672
51.720688
51.91296
51.941799
51.470741
51.489964
52.182133
52.114841
51.730305
52.239819
52.355183
51.547642
50.547836
51.182335
51.172714
52.268661
51.836048
51.614937
51.115032
52.259048
51.711079
52.124454
52.239819
51.595711
51.557259
51.268856
51.730305
51.739918
52.057159
51.836048
51.528416
51.720688
51.672619
51.355373
51.047741
50.624748
50.778568
50.692043
50.470932
50.096004
47.394608
46.452484
47.346542
47.279243
47.048519
46.683212
46.35635
45.731472
45.279636
45.5392
45.443066
46.058331
45.125816
45.298866
45.433453
46.442871
46.61776
46.481735
46.413723
46.627476
46.433155
46.753784
46.850948
45.655872
45.753033
45.99593
46.345711
45.072899
43.838959
42.886787
41.264198
39.690193
41.060162
39.379276
40.224583
37.795559
36.036949
31.557833
34.084019
31.412096
26.427744
30.012976
25.747616
28.788748
27.321623
27.486797
25.747616
24.533106
28.098907
28.147488
30.022692
29.420296
29.070517
27.885155
25.815628
26.447174
25.485283
27.817141
27.953169
29.420296
32.257389
30.537645
29.323135
27.632536
26.126545
27.574238
26.894115
26.077963
26.039099
25.776766
26.155693
27.603388
28.050329
29.148245
28.225218
26.806669
26.573483
25.572725
24.882887
25.011761
25.210032
24.565653
23.832056
22.335117
23.851881
23.157936
25.190205
23.742832
24.307901
24.248421
23.96093
26.032852
27.708235
26.984547
26.241034
26.855671
27.162989
28.580622
29.958595
31.396055
33.031784
32.347752
29.453007
26.558268
27.72806
27.965984
28.273304
27.212559
27.311691
27.361259
27.113422
26.994461
25.894064
27.133249
25.12081
25.477695
25.378561
24.872972
25.12081
25.26951
24.248421
24.337643
23.832056
25.249683
25.190205
24.040237
25.130724
25.239771
24.734182
24.35747
25.973372
26.032852
26.122072
26.032852
25.26951
25.309166
25.557003
24.436777
24.05015
24.079893
24.010496
24.18894
24.129213
24.955421
24.587112
25.204279
25.074873
24.905649
25.184368
24.358162
23.93013
23.959991
23.641455
23.531956
24.378071
24.497524
23.93013
24.477615
24.577158
24.039625
23.940083
24.457706
24.407934
24.676702
23.860447
23.731043
23.84054
24.159079
24.696609
24.766289
25.592495
24.995239
25.015146
23.93013
23.54191
22.725658
23.213419
23.531956
23.711134
23.153694